2050
32772
2054
2055
2056
2058
2060
2063
2064
2065
2068
2069
2070
2071
2075
2077
28702
2089
2090
14889
2092
2093
2099
2100
2101
2102
18483
2104
2105
2106
2107
2108
13370
46645
2112
2113
2114
2115
2116
2117
2118
2119
10819
2121
2122
2123
2124
2125
2127
2128
2129
2130
2131
2132
2133
42583
2136
2137
2138
2139
2140
2141
2142
2143
18014
2145
2146
2147
2149
2150
2151
2152
2153
2154
2155
2156
2157
2158
2159
2160
2161
2164
2166
2167
2168
2169
2170
2171
2172
2173
2174
2175
2178
2179
2180
2181
31371
2188
2194
2195
2196
2202
2203
44190
29343
2208
2209
2210
21159
2216
2223
2227
2228
2231
2232
2237
2238
2239
35005
2245
2246
2251
2252
2253
2259
2260
23251
18646
6759
2267
2268
2273
2280
23274
18180
2309
2311
2312
2313
2322
2323
21781
34583
37146
19229
35636
40762
30559
14206
14246
30656
2010
2012
2013
2017
2019
2021
2534
2027
2028
2031
2035
2042
1532
2045
